unnamed
  Kekule  05112311402D

 18 19  0  0  0  0  0  0  0  0999 V2000
   11.5375   44.0159    0.0000 C   0  0  0  0  0  0  0  0  0  0  0  0
   12.2303   44.4159    0.0000 C   0  0  0  0  0  0  0  0  0  0  0  0
   12.2303   45.2159    0.0000 C   0  0  0  0  0  0  0  0  0  0  0  0
   11.5375   45.6159    0.0000 C   0  0  0  0  0  0  0  0  0  0  0  0
   10.8447   45.2159    0.0000 C   0  0  0  0  0  0  0  0  0  0  0  0
   10.8447   44.4159    0.0000 C   0  0  0  0  0  0  0  0  0  0  0  0
   12.9231   45.6159    0.0000 C   0  0  0  0  0  0  0  0  0  0  0  0
   13.6160   45.2159    0.0000 C   0  0  0  0  0  0  0  0  0  0  0  0
   14.3088   45.6159    0.0000 C   0  0  0  0  0  0  0  0  0  0  0  0
   14.3088   46.4159    0.0000 C   0  0  0  0  0  0  0  0  0  0  0  0
   13.6160   46.8159    0.0000 C   0  0  0  0  0  0  0  0  0  0  0  0
   12.9231   46.4159    0.0000 C   0  0  0  0  0  0  0  0  0  0  0  0
   15.0016   46.8159    0.0000 C   0  0  0  0  0  0  0  0  0  0  0  0
   10.1519   44.0159    0.0000 C   0  0  0  0  0  0  0  0  0  0  0  0
    9.4590   44.4159    0.0000 C   0  0  0  0  0  0  0  0  0  0  0  0
   10.1519   43.2159    0.0000 C   0  0  0  0  0  0  0  0  0  0  0  0
   15.6944   46.4159    0.0000 C   0  0  0  0  0  0  0  0  0  0  0  0
   15.0016   47.6159    0.0000 C   0  0  0  0  0  0  0  0  0  0  0  0
  1  2  2  0  0  0  0
  2  3  1  0  0  0  0
  3  4  2  0  0  0  0
  4  5  1  0  0  0  0
  5  6  2  0  0  0  0
  6  1  1  0  0  0  0
  3  7  1  0  0  0  0
  7  8  2  0  0  0  0
  8  9  1  0  0  0  0
  9 10  2  0  0  0  0
 10 11  1  0  0  0  0
 11 12  2  0  0  0  0
 12  7  1  0  0  0  0
 10 13  1  0  0  0  0
  6 14  1  0  0  0  0
 14 15  1  0  0  0  0
 14 16  1  0  0  0  0
 13 17  1  0  0  0  0
 13 18  1  0  0  0  0
M  END